title=意难平
type=work
alias=意难平&nbsp;&nbsp;
%TODO:revise
usertag=to_be_revised
copyright=歌谱简谱网
%--
6 4 4 0
0 - 5 3 | - 2 q3 0 q0 | q2 7 q6 b6 0 | 0 0 0 0 |
1 - 5 d6 q0 s0 d0 | 5 5 5 0 | 0 0 0 0 |
s3 s2 2 0 0 q0 | 3 3 0 0 | 0 0 0 0 |
3 1' - 2' | 2 0 0 0 | 4 3 2 0 | 3 d3 0 0 q0 s0 d0 | 0 0 0 0 |
2 0 0 0 | 4 3 2 0 | 3 d3 0 0 q0 s0 d0 | 0 0 0 0 |
1 0 - 7 | 6 5 5 5 | 0 0 0 0 |
2 2 0 0 | 3 3 0 0 | 0 0 0 0 |
1' 2' - 2 | 4 3 2 0 | 3 d3 0 0 q0 s0 d0 | 0 0 0 0 |
2 0 0 0 | 4 3 2 0 | 3 d3 0 0 q0 s0 d0 | 0 0 0 0 |
1 0 6 5 | 5 5 0 0 | 0 0 0 0 |
2 2 0 0 | 3 3 0 0 | 0 0 0 0 |
%END
