title=忘情酒
type=work
%TODO:revise
usertag=to_be_revised
MBID=9efb6647-b28a-41d0-a926-28328bf09677
copyright=歌谱简谱网,版权归原作者及原网站
%--
1' 4 4 0
0 q3 - 0 q0 | 0 0 0 0 |
6 q2 0 0 q0 | 0 0 0 0 |
1. 7 - q0 5 - 6 - | 0 0 0 0 |
q3 - 0 0 q0 | - 0 0 0 | 0 0 0 0 |
1 1' - 2' - 1 0 - | - 0 0 0 | 0 0 0 0 |
4 5 6 7 | q2 0 0 0 q0 | 0 0 0 0 |
1. 7 - q0 5 - 6 - | 0 0 0 0 |
q3 - 0 0 q0 | - 0 0 0 | 0 0 0 0 |
1 1' - 2' - 1 0 - | - 0 0 0 | 0 0 0 0 |
4 5 6 7 | q2 0 0 0 q0 | 0 0 0 0 |
1. 7 - q0 5 - 6 - | 0 0 0 0 |
q3 - 0 0 q0 | - 0 0 0 | 0 0 0 0 |
1 1' - 2' - 1 0 - | - 0 0 0 | 0 0 0 0 |
4 5 6 7 | q2 0 0 0 q0 | 0 0 0 0 |
1. 7 - q0 5 - 6 - | 0 0 0 0 |
q3 - 0 0 q0 | - 0 0 0 | 0 0 0 0 |
1 1' - 2' - 1 0 - | - 0 0 0 | 0 0 0 0 |
4 5 6 7 | q2 0 0 0 q0 | 0 0 0 0 |
1. 7 - q0 5 - 6 - | 0 0 0 0 |
q3 - 0 0 q0 | - 0 0 0 | 0 0 0 0 |
1 1' - 2' - 1 0 - | - 0 0 0 | 0 0 0 0 |
4 5 6 7 | q2 0 0 0 q0 | 0 0 0 0 |
1. 7 - q0 5 - 6 - | 0 0 0 0 |
q3 - 0 0 q0 | - 0 0 0 | 0 0 0 0 |
1 1' - 2' - 1 0 - | - 0 0 0 | 0 0 0 0 |
4 5 6 7 | q2 0 0 0 q0 | 0 0 0 0 |
1. 7 - q0 5 - 6 - | 0 0 0 0 |
q3 - 0 0 q0 | - 0 0 0 | 0 0 0 0 |
1 1' - 2' - 1 0 - | - 0 0 0 | 0 0 0 0 |
4 5 6 7 | q2 0 0 0 q0 | 0 0 0 0 |
1. 7 - q0 5 - 6 - | 0 0 0 0 |
q3 - 0 0 q0 | - 0 0 0 | 0 0 0 0 |
1 1' - 2' - 1 0 - | - 0 0 0 | 0 0 0 0 |
4 5 6 7 | q2 0 0 0 q0 | 0 0 0 0 |
1. 7 - q0 5 - 6 - | 0 0 0 0 |
q3 - 0 0 q0 | - 0 0 0 | 0 0 0 0 |
1 1' - 2' - 1 0 - | - 0 0 0 | 0 0 0 0 |
4 5 6 7 | q2 0 0 0 q0 | 0 0 0 0 |
1. 7 - q0 5 - 6 - | 0 0 0 0 |
q3 - 0 0 q0 | - 0 0 0 | 0 0 0 0 |
1 1' - 2' - 1 0 - | - 0 0 0 | 0 0 0 0 |
4 5 6 7 | q2 0 0 0 q0 | 0 0 0 0 |
1. 7 - q0 5 - 6 - | 0 0 0 0 |
q3 - 0 0 q0 | - 0 0 0 | 0 0 0 0 |
1 1' - 2' - 1 0 - | - 0 0 0 | 0 0 0 0 |
4 5 6 7 | q2 0 0 0 q0 | 0 0 0 0 |
1. 7 - q0 5 - 6 - | 0 0 0 0 |
q3 - 0 0 q0 | - 0 0 0 | 0 0 0 0 |
1 1' - 2' - 1 0 - | - 0 0 0 | 0 0 0 0 |
4 5 6 7 | q2 0 0 0 q0 | 0 0 0 0 |
1. 7 - q0 5 - 6 - | 0 0 0 0 |
q3 - 0 0 q0 | - 0 0 0 | 0 0 0 0 |
1 1' - 2' - 1 0 - | - 0 0 0 | 0 0 0 0 |
4 5 6 7 | q2 0 0 0 q0 | 0 0 0 0 |
1. 7 - q0 5 - 6 - | 0 0 0 0 |
q3 - 0 0 q0 | - 0 0 0 | 0 0 0 0 |
1 1' - 2' - 1 0 - | - 0 0 0 | 0 0 0 0 |
4 5 6 7 | q2 0 0 0 q0 | 0 0 0 0 |
1. 7 - q0 5 - 6 - | 0 0 0 0 |
q3 - 0 0 q0 | - 0 0 0 | 0 0 0 0 |
1 1' - 2' - 1 0 - | - 0 0 0 | 0 0 0 0 |
4 5 6 7 | q2 0 0 0 q0 | 0 0 0 0 |
1. 7 - q0 5 - 6 - | 0 0 0 0 |
q3 - 0 0 q0 | - 0 0 0 | 0 0 0 0 |
1 1' - 2' - 1 0 - | - 0 0 0 | 0 0 0 0 |
4 5 6 7 | q2 0 0 0 q0 | 0 0 0 0 |
1. 7 - q0 5 - 6 - | 0 0 0 0 |
q3 - 0 0 q0 | - 0 0 0 | 0 0 0 0 |
1 1' - 2' - 1 0 - | - 0 0 0 | 0 0 0 0 |
4 5 6 7 | q2 0 0 0 q0 | 0 0 0 0 |
1. 7 - q0 5 - 6 - | 0 0 0 0 |
q3 - 0 0 q0 | - 0 0 0 | 0 0 0 0 |
1 1' - 2' - 1 0 - | - 0 0 0 | 0 0 0 0 |
4 5 6 7 | q2 0 0 0 q0 | 0 0 0 0 |
1. 7 - q0 5 - 6 - | 0 0 0 0 |
q3 - 0 0 q0 | - 0 0 0 | 0 0 0 0 |
1 1' - 2' - 1 0 - | - 0 0 0 | 0 0 0 0 |
4 5 6 7 | q2 0 0 0 q0 | 0 0 0 0 |
1. 7 - q0 5 - 6 - | 0 0 0 0 |
q3 - 0 0 q0 | - 0 0 0 | 0 0 0 0 |
1 1' - 2' - 1 0 - | - 0 0 0 | 0 0 0 0 |
4 5 6 7 | q2 0 0 0 q0 | 0 0 0 0 |
1. 7 - q0 5 - 6 - | 0 0 0 0 |
q3 - 0 0 q0 | - 0 0 0 | 0 0 0 0 |
1 1' - 2' - 1 0 - | - 0 0 0 | 0 0 0 0 |
4 5 6 7 | q2 0 0 0 q0 | 0 0 0 0 |
1. 7 - q0 5 - 6 - | 0 0 0 0 |
q3 - 0 0 q0 | - 0 0 0 | 0 0 0 0 |
1 1' - 2' - 1 0 - | - 0 0 0 | 0 0 0 0 |
4 5 6 7 | q2 0 0 0 q0 | 0 0 0 0 |
1. 7 - q0 5 - 6 - | 0 0 0 0 |
q3 - 0 0 q0 | - 0 0 0 | 0 0 0 0 |
1 1' - 2' - 1 0 - | - 0 0 0 | 0 0 0 0 |
4 5 6 7 | q2 0 0 0 q0 | 0 0 0 0 |
1. 7 - q0 5 - 6 - | 0 0 0 0 |
q3 - 0 0 q0 | - 0 0 0 | 0 0 0 0 |
1 1' - 2' - 1 0 - | - 0 0 0 | 0 0 0 0 |
4 5 6 7 | q2 0 0 0 q0 | 0 0 0 0 |
1. 7 - q0 5 - 6 - | 0 0 0 0 |
q3 - 0 0 q0 | - 0 0 0 | 0 0 0 0 |
1 1' - 2' - 1 0 - | - 0 0 0 | 0 0 0 0 |
4 5 6 7 | q2 0 0 0 q0 | 0 0 0 0 |
1. 7 - q0 5 - 6 - | 0 0 0 0 |
q3 - 0 0 q0 | - 0 0 0 | 0 0 0 0 |
1 1' - 2' - 1 0 - | - 0 0 0 | 0 0 0 0 |
4 5 6 7 | q2 0 0 0 q0 | 0 0 0 0 |
1. 7 - q0 5 - 6 - | 0 0 0 0 |
q3 - 0 0 q0 | - 0 0 0 | 0 0 0 0 |
1 1' - 2' - 1 0 - | - 0 0 0 | 0 0 0 0 |
4 5 6 7 | q2 0 0 0 q0 | 0 0 0 0 |
1. 7 - q0 5 - 6 - | 0 0 0 0 |
q3 - 0 0 q0 | - 0 0 0 | 0 0 0 0 |
1 1' - 2' - 1 0 - | - 0 0 0 | 0 0 0 0 |
4 5 6 7 | q2 0 0 0 q0 | 0 0 0 0 |
1. 7 - q0 5 - 6 - | 0 0 0 0 |
q3 - 0 0 q0 | - 0 0 0 | 0 0 0 0 |
1 1' - 2' - 1 0 - | - 0 0 0 | 0 0 0 0 |
4 5 6 7 | q2 0 0 0 q0 | 0 0 0 0 |
1. 7 - q0 5 - 6 - | 0 0 0 0 |
q3 - 0 0 q0 | - 0 0 0 | 0 0 0 0 |
1 1' - 2' - 1 0 - | - 0 0 0 | 0 0 0 0 |
4 5 6 7 | q2 0 0 0 q0 | 0 0 0 0 |
1. 7 - q0 5 - 6 - | 0 0 0 0 |
q3 - 0 0 q0 | - 0 0 0 | 0 0 0 0 |
1 1' - 2' - 1 0 - | - 0 0 0 | 0 0 0 0 |
4 5 6 7 | q2 0 0 0 q0 | 0 0 0 0 |
1. 7 - q0 5 - 6 - | 0 0 0 0 |
q3 - 0 0 q0 | - 0 0 0 | 0 0 0 0 |
1 1' - 2' - 1 0 - | - 0 0 0 | 0 0 0 0 |
4 5 6 7 | q2 0 0 0 q0 | 0 0 0 0 |
1. 7 - q0 5 - 6 - | 0 0 0 0 |
q3 - 0 0 q0 | - 0 0 0 | 0 0 0 0 |
1 1' - 2' - 1 0 - | - 0 0 0 | 0 0 0 0 |
4 5 6 7 | q2 0 0 0 q0 | 0 0 0 0 |
1. 7 - q0 5 - 6 - | 0 0 0 0 |
q3 - 0 0 q0 | - 0 0 0 | 0 0 0 0 |
1 1' - 2' - 1 0 - | - 0 0 0 | 0 0 0 0 |
4 5 6 7 | q2 0 0 0 q0 | 0 0 0 0 |
1. 7 - q0 5 - 6 - | 0 0 0 0 |
q3 - 0 0 q0 | - 0 0 0 | 0 0 0 0 |
1 1' - 2' - 1 0 - | - 0 0 0 | 0 0 0 0 |
4 5 6 7 | q2 0 0 0 q0 | 0 0 0 0 |
1. 7 - q0 5 - 6 - | 0 0 0 0 |
q3 - 0 0 q0 | - 0 0 0 | 0 0 0 0 |
1 1' - 2' - 1 0 - | - 0 0 0 | 0 0 0 0 |
4 5 6 7 | q2 0 0 0 q0 | 0 0 0 0 |
1. 7 - q0 5 - 6 - | 0 0 0 0 |
q3 - 0 0 q0 | - 0 0 0 | 0 0 0 0 |
1 1' - 2' - 1 0 - | - 0 0 0 | 0 0 0 0 |
4 5 6 7 | q2 0 0 0 q0 | 0 0 0 0 |
1. 7 - q0 5 - 6 - | 0 0 0 0 |
q3 - 0 0 q0 | - 0 0 0 | 0 0 0 0 |
1 1' - 2' - 1 0 - | - 0 0 0 | 0 0 0 0 |
4 5 6 7 | q2 0 0 0 q0 | 0 0 0 0 |
1. 7 - q0 5 - 6 - | 0 0 0 0 |
q3 - 0 0 q0 | - 0 0 0 | 0 0 0 0 |
1 1' - 2' - 1 0 - | - 0 0 0 | 0 0 0 0 |
4 5 6 7 | q2 0 0 0 q0 | 0 0 0 0 |
1. 7 - q0 5 - 6 - | 0 0 0 0 |
q3 - 0 0 q0 | - 0 0 0 | 0 0 0 0 |
1 1' - 2' - 1 0 - | - 0 0 0 | 0 0 0 0 |
4 5 6 7 | q2 0 0 0 q0 | 0 0 0 0 |
1. 7 - q0 5 - 6 - | 0 0 0 0 |
q3 - 0 0 q0 | - 0 0 0 | 0 0 0 0 |
1 1' - 2' - 1 0 - | - 0 0 0 | 0 0 0 0 |
4 5 6 7 | q2 0 0 0 q0 | 0 0 0 0 |
1. 0 0 q0
%END
