title=意难平
type=work
%--
4 5 - 6 3
2 3 - 4 5 6 7 0 1 2 3 4 5 6 7 0 1 2 3 4 5 6 7 0 1 2 3 4 5 6 7 0 1 2 3 4 5 6 7 0 1 2 3 4 5 6 7
5 6 - 3 4 2
5 3 - 2 6 | 4 1 7 0 | | - | '1
2 3 6 - | 5 4 1 | 7 0 | - | - |
5 6 7 '1 | '1 3 - 0 '1 | - 1 7 5 2 7 1 5 | '1 - - '1- | - |
1. 6 5 3 1 6 5 6 1 2 | '1 - 2 3 7 '1 7 '1 0 5 | - '1 '1 3 4 3 2 | '1 - - |
5 - - 5 | | 6 '1 7 1 7 6 5 6 '1 | |
'1 6 5 7 1 7 6 5 5 6 | 3 2 | '1-- | - - | |
2 3 - 4 5 6 7 1 0 1 1 1 2 1 3 1 4.
4 5 - 3 2 6 1 7
2 3 - 4 5 6 7 0 1 2 3 4 5 6 7 0 1 2 3 4 5 6 7 0 1 2 3 4 5 6 7 0 1 2 3 4 5 6 7 0 1 2 3 4 5 6 7
2 3 - 4 | 5 6 | 1 0 | 7 6 5 4 | |
%END
