title=三字经
type=work
alias=三字经简谱(歌词)_金帆合唱团演唱_桃李醉春风记谱
%TODO:revise
usertag=to_be_revised
MBID=5c6935fe-f841-4445-8a9b-63b49f5b33ca
copyright=简谱之家,版权归原作者及原网站
%--
4/4
0 0 0 0 | - - 0 0 | - - - 0 | 0 0 0 0 |
6 1 2 3 | 5 5 5 5 | 6 0 0 0
3 3 3 3 | 5 0 0 0
1 1 - 1 | - 0 0 0
- 1 - -
0 0 0 0
0 0 0 0 | 0 0 0 0 | 5 - 5 - | 0 0 0 0 |
6 1 6 0
1 - - 0
1 - - 0
5 5. 0 q0 | 3 2 0 0 | 0 0 0 0 |
1 6 - 0
2 0 0 0 | 4 0 0 0 |
3 0 0 0 | - 0 0 0 | 0 0 0 0 |
2 - 2 -
- 2 - -
1 - 0 0
1 - - 0
0 0 0 0
0 0 0 0 | 0 0 0 0 | - 7 - 0 | 0 0 0 0 |
- 1' - 2'
5 - - 0
%END
