title=百家姓
type=work
alias=百家姓简谱(歌词)_小海龟演唱组演唱_桃李醉春风记谱
%TODO:revise
usertag=to_be_revised
MBID=0c626ad2-be41-4170-8b92-de508ba068cc
copyright=简谱之家
%--
4/4
3 5 5 q5 q6 | q2 0 0 0 q0 | 0 0 0 0 |
3 5 5 q5 q6 | q2 0 0 0 q0 | 0 0 0 0 |
5 1 - -
0 0 0 0 | 0 0 0 0 | 0 0 0 0 |
1 - 2 - | 2 - 2 3 | 0 0 0 0 |
6 - q5 q6 q2 q0 | 0 0 0 0 |
q6 q3 q2 q1 0 0
R{ 1' 0 0 0 }
1 5 q6 q2 0 | 0 0 0 0 |
2 2 2 4 | - 0 0 0
0 0 0 0 | 2 3 - - |
1 5 0 0
0 0 0 0 | 0 - 0 0 | 0 0 0 0 | 0 0 0 0 |
0 0 0 0 | 5 6 0 0 | 0 0 0 0 |
R{ 7 0 0 0 }
1 5 q6 q2 0 | 0 0 0 0 |
q6 q3 q2 0 0 q0
0 0 0 0 | 2 - 0 0 | 0 0 0 0 |
1 4 5 -
0 0 0 0 | 6 5 q6 q2 0 |
0 0 0 0 | 5 - 0 0 |
%END
