title=Wake UP
type=work
%TODO:revise
usertag=to_be_revised
MBID=0c06b12a-a812-49b0-9ad9-a719854f96c0
copyright=歌谱简谱网,版权归原作者及原网站
%--
4/4
6 7 0 0 | 2 0 0 0 | 0 0 0 0 |
0 0 0 0 | 3 0 0 0 | 0 0 0 0 |
0 0 0 0 | 5 0 0 0 | 1 0 0 0 | 0 0 0 0 |
7 - - 1' | - 0 0 0 | 0 0 0 0 |
- - - q2' q0 | - 0 0 0 | 0 0 0 0 |
6. 7 0 q0 | 0 0 0 0 |
1 0 0 0 | 0 0 0 0 |
2 0 0 0 | 0 0 0 0 | 0 0 0 0 |
3 5 0 0 | 0 0 0 0 |
2 - - 1' | - 0 0 0 | 0 0 0 0 |
- - q2' 0 q0 | - 0 0 0 | 0 0 0 0 |
6. 7 0 q0 | 0 0 0 0 |
1 0 0 0 | 0 0 0 0 |
0 0 0 0 | 3 0 0 0 | 0 0 0 0 |
5 0 0 0 | 0 0 0 0 |
2 - - 1' | - 0 0 0 | 0 0 0 0 |
- - q2' 0 q0 | - 0 0 0 | 0 0 0 0 |
6. 7 0 q0 | 0 0 0 0 |
1 0 0 0 | 0 0 0 0 |
0 0 0 0 | 3 0 0 0 | 0 0 0 0 |
5 0 0 0 | 0 0 0 0 |
2 - - 1' | - 0 0 0 | 0 0 0 0 |
- - q2' 0 q0 | - 0 0 0 | 0 0 0 0 |
6. 7 0 q0 | 0 0 0 0 |
1 0 0 0 | 0 0 0 0 |
0 0 0 0 | 3 0 0 0 | 0 0 0 0 |
5 0 0 0 | 0 0 0 0 |
2 - - 1' | - 0 0 0 | 0 0 0 0 |
- - q2' 0 q0 | - 0 0 0 | 0 0 0 0 |
6. 7 0 q0 | 0 0 0 0 |
1 0 0 0 | 0 0 0 0 |
0 0 0 0 | 3 0 0 0 | 0 0 0 0 |
5 0 0 0 | 0 0 0 0 |
2 - - 1' | - 0 0 0 | 0 0 0 0 |
- - q2' 0 q0 | - 0 0 0 | 0 0 0 0 |
6. 7 0 q0 | 0 0 0 0 |
1 0 0 0 | 0 0 0 0 |
0 0 0 0 | 3 0 0 0 | 0 0 0 0 |
5 0 0 0 | 0 0 0 0 |
2 - - 1' | - 0 0 0 | 0 0 0 0 |
- - q2' 0 q0 | - 0 0 0 | 0 0 0 0 |
6. 7 0 q0 | 0 0 0 0 |
1 0 0 0 | 0 0 0 0 |
0 0 0 0 | 3 0 0 0 | 0 0 0 0 |
5 0 0 0 | 0 0 0 0 |
2 - - 1' | - 0 0 0 | 0 0 0 0 |
- - q2' 0 q0 | - 0 0 0 | 0 0 0 0 |
6. 7 0 q0 | 0 0 0 0 |
1 0 0 0 | 0 0 0 0 |
0 0 0 0 | 3 0 0 0 | 0 0 0 0 |
5 0 0 0 | 0 0 0 0 |
2 - - 1' | - 0 0 0 | 0 0 0 0 |
- - q2' 0 q0 | - 0 0 0 | 0 0 0 0 |
6. 7 0 q0 | 0 0 0 0 |
1 0 0 0 | 0 0 0 0 |
0 0 0 0 | 3 0 0 0 | 0 0 0 0 |
5 0 0 0 | 0 0 0 0 |
2 - - 1' | - 0 0 0 | 0 0 0 0 |
- - q2' 0 q0 | - 0 0 0 | 0 0 0 0 |
6. 7 0 q0 | 0 0 0 0 |
1 0 0 0 | 0 0 0 0 |
0 0 0 0 | 3 0 0 0 | 0 0 0 0 |
5 0 0 0 | 0 0 0 0 |
2 - - 1' | - 0 0 0 | 0 0 0 0 |
- - q2' 0 q0 | - 0 0 0 | 0 0 0 0 |
6. 7 0 q0 | 0 0 0 0 |
1 0 0 0 | 0 0 0 0 |
0 0 0 0 | 3 0 0 0 | 0 0 0 0 |
5 0 0 0 | 0 0 0 0 |
2 - - 1' | - 0 0 0 | 0 0 0 0 |
- - q2' 0 q0 | - 0 0 0 | 0 0 0 0 |
6. 7 0 q0 | 0 0 0 0 |
1 0 0 0 | 0 0 0 0 |
0 0 0 0 | 3 0 0 0 | 0 0 0 0 |
5 0 0 0 | 0 0 0 0 |
2 - - 1' | - 0 0 0 | 0 0 0 0 |
- - q2' 0 q0 | - 0 0 0 | 0 0 0 0 |
6. 7 0 q0 | 0 0 0 0 |
1 0 0 0 | 0 0 0 0 |
0 0 0 0 | 3 0 0 0 | 0 0 0 0 |
5 0 0 0 | 0 0 0 0 |
2 - - 1' | - 0 0 0 | 0 0 0 0 |
- - q2' 0 q0 | - 0 0 0 | 0 0 0 0 |
6. 7 0 q0 | 0 0 0 0 |
1 0 0 0 | 0 0 0 0 |
0 0 0 0 | 3 0 0 0 | 0 0 0 0 |
5 0 0 0 | 0 0 0 0 |
2 - - 1' | - 0 0 0 | 0 0 0 0 |
- - q2' 0 q0 | - 0 0 0 | 0 0 0 0 |
6. 7 0 q0 | 0 0 0 0 |
1 0 0 0 | 0 0 0 0 |
0 0 0 0 | 3 0 0 0 | 0 0 0 0 |
5 0 0 0 | 0 0 0 0 |
2 - - 1' | - 0 0 0 | 0 0 0 0 |
- - q2' 0 q0 | - 0 0 0 | 0 0 0 0 |
6. 7 0 q0 | 0 0 0 0 |
1 0 0 0 | 0 0 0 0 |
0 0 0 0 | 3 0 0 0 | 0 0 0 0 |
5 0 0 0 | 0 0 0 0 |
2 - - 1' | - 0 0 0 | 0 0 0 0 |
- - q2' 0 q0 | - 0 0 0 | 0 0 0 0 |
6. 7 0 q0 | 0 0 0 0 |
1 0 0 0 | 0 0 0 0 |
0 0 0 0 | 3 0 0 0 | 0 0 0 0 |
5 0 0 0 | 0 0 0 0 |
2 - - 1' | - 0 0 0 | 0 0 0 0 |
- - q2' 0 q0 | - 0 0 0 | 0 0 0 0 |
6. 7 0 q0 | 0 0 0 0 |
1 0 0 0 | 0 0 0 0 |
0 0 0 0 | 3 0 0 0 | 0 0 0 0 |
5 0 0 0 | 0 0 0 0 |
2 - - 1' | - 0 0 0 | 0 0 0 0 |
- - q2' 0 q0 | - 0 0 0 | 0 0 0 0 |
6. 7 0 q0 | 0 0 0 0 |
1 0 0 0 | 0 0 0 0 |
0 0 0 0 | 3 0 0 0 | 0 0 0 0 |
5 0 0 0 | 0 0 0 0 |
2 - - 1' | - 0 0 0 | 0 0 0 0 |
- - q2' 0 q0 | - 0 0 0 | 0 0 0 0 |
6. 7 0 q0 | 0 0 0 0 |
1 0 0 0 | 0 0 0 0 |
0 0 0 0 | 3 0 0 0 | 0 0 0 0 |
5 0 0 0 | 0 0 0 0 |
2 - - 1' | - 0 0 0 | 0 0 0 0 |
- - q2' 0 q0 | - 0 0 0 | 0 0 0 0 |
6. 7 0 q0 | 0 0 0 0 |
1 0 0 0 | 0 0 0 0 |
0 0 0 0 | 3 0 0 0 | 0 0 0 0 |
5 0 0 0 | 0 0 0 0 |
2 - - 1' | - 0 0 0 | 0 0 0 0 |
- - q2' 0 q0 | - 0 0 0 | 0 0 0 0 |
6. 7 0 q0 | 0 0 0 0 |
1 0 0 0 | 0 0 0 0 |
0 0 0 0 | 3 0 0 0 | 0 0 0 0 |
5 0 0 0 | 0 0 0 0 |
2 - - 1' | - 0 0 0 | 0 0 0 0 |
- - q2' 0 q0 | - 0 0 0 | 0 0 0 0 |
6. 7 0 q0 | 0 0 0 0 |
1 0 0 0 | 0 0 0 0 |
0 0 0 0 | 3 0 0 0 | 0 0 0 0 |
5 0 0 0 | 0 0 0 0 |
2 - - 1' | - 0 0 0 | 0 0 0 0 |
- - q2' 0 q0 | - 0 0 0 | 0 0 0 0 |
6. 7 0 q0 | 0 0 0 0 |
1 0 0 0 | 0 0 0 0 |
0 0 0 0 | 3 0 0 0 | 0 0 0 0 |
5 0 0 0 | 0 0 0 0 |
2 - - 1' | - 0 0 0 | 0 0 0 0 |
- - q2' 0 q0 | - 0 0 0 | 0 0 0 0 |
6. 7 0 q0 | 0 0 0 0 |
1 0 0 0 | 0 0 0 0 |
0 0 0 0 | 3 0 0 0 | 0 0 0 0 |
5 0 0 0 | 0 0 0 0 |
2 - - 1' | - 0 0 0 | 0 0 0 0 |
- - q2' 0 q0 | - 0 0 0 | 0 0 0 0 |
6. 7 0 q0 | 0 0 0 0 |
1 0 0 0 | 0 0 0 0 |
0 0 0 0 | 3 0 0 0 | 0 0 0 0 |
5 0 0 0 | 0 0 0 0 |
2 - - 1' | - 0 0 0 | 0 0 0 0 |
- - q2' 0 q0 | - 0 0 0 | 0 0 0 0 |
6. 7 0 q0 | 0 0 0 0 |
1 0 0 0 | 0 0 0 0 |
0 0 0 0 | 3 0 0 0 | 0 0 0 0 |
5 0 0 0 | 0 0 0 0 |
2 - - 1' | - 0 0 0 | 0 0 0 0 |
- - q2' 0 q0 | - 0 0 0 | 0 0 0 0 |
6. 7 0 q0 | 0 0 0 0 |
1 0 0 0 | 0 0 0 0 |
0 0 0 0 | 3 0 0 0 | 0 0 0 0 |
5 0 0 0 | 0 0 0 0 |
2 - - 1' | - 0 0 0 | 0 0 0 0 |
- - q2' 0 q0 | - 0 0 0 | 0 0 0 0 |
6. 7 0 q0 | 0 0 0 0 |
1 0 0 0 | 0 0 0 0 |
0 0 0 0 | 3 0 0 0 | 0 0 0 0 |
5 0 0 0 | 0 0 0 0 |
2 - - 1' | - 0 0 0 | 0 0 0 0 |
- - q2' 0 q0 | - 0 0 0 | 0 0 0 0 |
6. 7 0 q0 | 0 0 0 0 |
1 0 0 0 | 0 0 0 0 |
0 0 0 0 | 3 0 0 0 | 0 0 0 0 |
5 0 0 0 | 0 0 0 0 |
2 - - 1' | - 0 0 0 | 0 0 0 0 |
- - q2' 0 q0 | - 0 0 0 | 0 0 0 0 |
6. 7 0 q0 | 0 0 0 0 |
1 0 0 0 | 0 0 0 0 |
0 0 0 0 | 3 0 0 0 | 0 0 0 0 |
5 0 0 0 | 0 0 0 0 |
2 - - 1' | - 0 0 0 | 0 0 0 0 |
- - q2' 0 q0 | - 0 0 0 | 0 0 0 0 |
6. 7 0 q0 | 0 0 0 0 |
1 0 0 0 | 0 0 0 0 |
0 0 0 0 | 3 0 0 0 | 0 0 0 0 |
5 0 0 0 | 0 0 0 0 |
2 - - 1' | - 0 0 0 | 0 0 0 0 |
- - q2' 0 q0 | - 0 0 0 | 0 0 0 0 |
6. 7 0 q0 | 0 0 0 0 |
1 0 0 0 | 0 0 0 0 |
0 0 0 0 | 3 0 0 0 | 0 0 0 0 |
5 0 0 0 | 0 0 0 0 |
2 - - 1' | - 0 0 0 | 0 0 0 0 |
- - q2' 0 q0 | - 0 0 0 | 0 0 0 0 |
6. 7 0 q0 | 0 0 0 0 |
1 0 0 0 | 0 0 0 0 |
0 0 0 0 | 3 0 0 0 | 0 0 0 0 |
5 0 0 0 | 0 0 0 0 |
2 - - 1' | - 0 0 0 | 0 0 0 0 |
- - q2' 0 q0 | - 0 0 0 | 0 0 0 0 |
6. 7 0 q0 | 0 0 0 0 |
1 0 0 0 | 0 0 0 0 |
0 0 0 0 | 3 0 0 0 | 0 0 0 0 |
5 0 0 0 | 0 0 0 0 |
2 - - 1' | - 0 0 0 | 0 0 0 0 |
- - q2' 0 q0 | - 0 0 0 | 0 0 0 0 |
6. 7 0 q0 | 0 0 0 0 |
1 0 0 0 | 0 0 0 0 |
0 0 0 0 | 3 0 0 0 | 0 0 0 0 |
5 0 0 0 | 0 0 0 0 |
2 - - 1' | - 0 0 0 | 0 0 0 0 |
- - q2' 0 q0 | - 0 0 0 | 0 0 0 0 |
6. 7 0 q0 | 0 0 0 0 |
1 0 0 0 | 0 0 0 0 |
0 0 0 0 | 3 0 0 0 | 0 0 0 0 |
5 0 0 0 | 0 0 0 0 |
2 - - 1' | - 0 0 0 | 0 0 0 0 |
- - q2' 0 q0 | - 0 0 0 | 0 0 0 0 |
6. 7 0 q0 | 0 0 0 0 |
1 0 0 0 | 0 0 0 0 |
0 0 0 0 | 3 0 0 0 | 0 0 0 0 |
5 0 0 0 | 0 0 0 0 |
2 - - 1' | - 0 0 0 | 0 0 0 0 |
- - q2' 0 q0 | - 0 0 0 | 0 0 0 0 |
6. 7 0 q0 | 0 0 0 0 |
1 0 0 0 | 0 0 0 0 |
0 0 0 0 | 3 0 0 0 | 0 0 0 0 |
5 0 0 0 | 0 0 0 0 |
2 - - 1' | - 0 0 0 | 0 0 0 0 |
- - q2' 0 q0 | - 0 0 0 | 0 0 0 0 |
6. 7 0 q0 | 0 0 0 0 |
1 0 0 0 | 0 0 0 0 |
0 0 0 0 | 3 0 0 0 | 0 0 0 0 |
5 0 0 0 | 0 0 0 0 |
2 - - 1' | - 0 0 0 | 0 0 0 0 |
- - q2' 0 q0 | - 0 0 0 | 0 0 0 0 |
6. 7 0 q0 | 0 0 0 0 |
1 0 0 0 | 0 0 0 0 |
0 0 0 0 | 3 0 0 0 | 0 0 0 0 |
5 0 0 0 | 0 0 0 0 |
2 - - 1' | - 0 0 0 | 0 0 0 0 |
- - q2' 0 q0 | - 0 0 0 | 0 0 0 0 |
6. 7 0 q0 | 0 0 0 0 |
1 0 0 0 | 0 0 0 0 |
0 0 0 0 | 3 0 0 0 | 0 0 0 0 |
5 0 0 0 | 0 0 0 0 |
2 - - 1' | - 0 0 0 | 0 0 0 0 |
- - q2' 0 q0 | - 0 0 0 | 0 0 0 0 |
6. 7 0 q0 | 0 0 0 0 |
1 0 0 0 | 0 0 0 0 |
0 0 0 0 | 3 0 0 0 | 0 0 0 0 |
5 0 0 0 | 0 0 0 0 |
2 - - 1' | - 0 0 0 | 0 0 0 0 |
- - q2' 0 q0 | - 0 0 0 | 0 0 0 0 |
6. 7 0 q0 | 0 0 0 0 |
1 0 0 0 | 0 0 0 0 |
0 0 0 0 | 3 0 0 0 | 0 0 0 0 |
5 0 0 0 | 0 0 0 0 |
2 - - 1' | - 0 0 0 | 0 0 0 0 |
- - q2' 0 q0 | - 0 0 0 | 0 0 0 0 |
6. 7 0 q0 | 0 0 0 0 |
1 0 0 0 | 0 0 0 0 |
0 0 0 0 | 3 0 0 0 | 0 0 0 0 |
5 0 0 0 | 0 0 0 0 |
2 - - 1' | - 0 0 0 | 0 0 0 0 |
- - q2' 0 q0 | - 0 0 0 | 0 0 0 0 |
6. 7 0 q0 | 0 0 0 0 |
1 0 0 0 | 0 0 0 0 |
0 0 0 0 | 3 0 0 0 | 0 0 0 0 |
5 0 0 0 | 0 0 0 0 |
2 - - 1' | - 0 0 0 | 0 0 0 0 |
- - q2' 0 q0 | - 0 0 0 | 0 0 0 0 |
6. 7 0 q0 | 0 0 0 0 |
1 0 0 0 | 0 0 0 0 |
0 0 0 0 | 3 0 0 0 | 0 0 0 0 |
5 0 0 0 | 0 0 0 0 |
2 - - 1' | - 0 0 0 | 0 0 0 0 |
- - q2' 0 q0 | - 0 0 0 | 0 0 0 0 |
6. 7 0 q0 | 0 0 0 0 |
1 0 0 0 | 0 0 0 0 |
0 0 0 0 | 3 0 0 0 | 0 0 0 0 |
5 0 0 0 | 0 0 0 0 |
2 - - 1' | - 0 0 0 | 0 0 0 0 |
- - q2' 0 q0 | - 0 0 0 | 0 0 0 0 |
6. 7 0 q0 | 0 0 0 0 |
1 0 0 0 | 0 0 0 0 |
0 0 0 0 | 3 0 0 0 | 0 0 0 0 |
5 0 0 0 | 0 0 0 0 |
2 - - 1' | - 0 0 0 | 0 0 0 0 |
- - q2' 0 q0 | - 0 0 0 | 0 0 0 0 |
6. 7 0 q0 | 0 0 0 0 |
1 0 0 0 | 0 0 0 0 |
0 0 0 0 | 3 0 0 0 | 0 0 0 0 |
5 0 0 0 | 0 0 0 0 |
2 - - 1' | - 0 0 0 | 0 0 0 0 |
- - q2' 0 q0 | - 0 0 0 | 0 0 0 0 |
6. 7 0 q0 | 0 0 0 0 |
1 0 0 0 | 0 0 0 0 |
0 0 0 0 | 3 0 0 0 | 0 0 0 0 |
5 0 0 0 | 0 0 0 0 |
2 - - 1' | - 0 0 0 | 0 0 0 0 |
- - q2' 0 q0 | - 0 0 0 | 0 0 0 0 |
6. 7 0 q0 | 0 0 0 0 |
1 0 0 0 | 0 0 0 0 |
0 0 0 0 | 3 0 0 0 | 0 0 0 0 |
5 0 0 0 | 0 0 0 0 |
2 - - 1' | - 0 0 0 | 0 0 0 0 |
- - q2' 0 q0 | - 0 0 0 | 0 0 0 0 |
6. 7 0 q0 | 0 0 0 0 |
1 0 0 0 | 0 0 0 0 |
0 0 0 0 | 3 0 0 0 | 0 0 0 0 |
5 0 0 0 | 0 0 0 0 |
2 - - 1' | - 0 0 0 | 0 0 0 0 |
- - q2' 0 q0 | - 0 0 0 | 0 0 0 0 |
6. 7 0 q0 | 0 0 0 0 |
1 0 0 0 | 0 0 0 0 |
0 0 0 0 | 3 0 0 0 | 0 0 0 0 |
5 0 0 0 | 0 0 0 0 |
2 - - 1' | - 0 0 0 | 0 0 0 0 |
- - q2' 0 q0 | - 0 0 0 | 0 0 0 0 |
6. 7 0 q0 | 0 0 0 0 |
1 0 0 0 | 0 0 0 0 |
0 0 0 0 | 3 0 0 0 | 0 0 0 0 |
5 0 0 0 | 0 0 0 0 |
2 - - 1' | - 0 0 0 | 0 0 0 0 |
- - q2' 0 q0 | - 0 0 0 | 0 0 0 0 |
6. 7 0 q0 | 0 0 0 0 |
1 0 0 0 | 0 0 0 0 |
0 0 0 0 | 3 0 0 0 | 0 0 0 0 |
5 0 0 0 | 0 0 0 0 |
2 - - 1' | - 0 0 0 | 0 0 0 0 |
- - q2' 0 q0 | - 0 0 0 | 0 0 0 0 |
6. 7 0 q0 | 0 0 0 0 |
1 0 0 0 | 0 0 0 0 |
0 0 0 0 | 3 0 0 0 | 0 0 0 0 |
5 0 0 0 | 0 0 0 0 |
2 - - 1' | - 0 0 0 | 0 0 0 0 |
- - q2' 0 q0 | - 0 0 0 | 0 0 0 0 |
6. 7 0 q0 | 0 0 0 0 |
1 0 0 0 | 0 0 0 0 |
0 0 0 0 | 3 0 0 0 | 0 0 0 0 |
5 0 0 0 | 0 0 0 0 |
2 - - 1' | - 0 0 0 | 0 0 0 0 |
- - q2' 0 q0 | - 0 0 0 | 0 0 0 0 |
6. 7 0 q0 | 0 0 0 0 |
1 0 0 0 | 0 0 0 0 |
0 0 0 0 | 3 0 0 0 | 0 0 0 0 |
5 0 0 0 | 0 0 0 0 |
2 - - 1' | - 0 0 0 | 0 0 0 0 |
- - q2' 0 q0 | - 0 0 0 | 0 0 0 0 |
6. 7 0 q0 | 0 0 0 0 |
1 0 0 0 | 0 0 0 0 |
0 0 0 0 | 3 0 0 0 | 0 0 0 0 |
5 0 0 0 | 0 0 0 0 |
2 - - 1' | - 0 0 0 | 0 0 0 0 |
- - q2' 0 q0 | - 0 0 0 | 0 0 0 0 |
6. 7 0 q0 | 0 0 0 0 |
1 0 0 0 | 0 0 0 0 |
0 0 0 0 | 3 0 0 0 | 0 0 0 0 |
5 0 0 0 | 0 0 0 0 |
2 - - 1' | - 0 0 0 | 0 0 0 0 |
- - q2' 0 q0 | - 0 0 0 | 0 0 0 0 |
6. 7 0 q0 | 0 0 0 0 |
1 0 0 0 | 0 0 0 0 |
0 0 0 0 | 3 0 0 0 | 0 0 0 0 |
5 0 0 0 | 0 0 0 0 |
2 - - 1' | - 0 0 0 | 0 0 0 0 |
- - q2' 0 q0 | - 0 0 0 | 0 0 0 0 |
6. 7 0 q0 | 0 0 0 0 |
1 0 0 0 | 0 0 0 0 |
0 0 0 0 | 3 0 0 0 | 0 0 0 0 |
5 0 0 0 | 0 0 0 0 |
2 - - 1' | - 0 0 0 | 0 0 0 0 |
- - q2' 0 q0 | - 0 0 0 | 0 0 0 0 |
6. 7 0 q0 | 0 0 0 0 |
1 0 0 0 | 0 0 0 0 |
0 0 0 0 | 3 0 0 0 | 0 0 0 0 |
5 0 0 0 | 0 0 0 0 |
2 - - 1' | - 0 0 0 | 0 0 0 0 |
- - q2' 0 q0 | - 0 0 0 | 0 0 0 0 |
6. 7 0 q0 | 0 0 0 0 |
1 0 0 0 | 0 0 0 0 |
0 0 0 0 | 3 0 0 0 | 0 0 0 0 |
5 0 0 0 | 0 0 0 0 |
2 - - 1' | - 0 0 0 | 0 0 0 0 |
- - q2' 0 q0 | - 0 0 0 | 0 0 0 0 |
6. 7 0 q0 | 0 0 0 0 |
1 0 0 0 | 0 0 0 0 |
0 0 0 0 | 3 0 0 0 | 0 0 0 0 |
5 0 0 0 | 0 0 0 0 |
2 - - 1' | - 0 0 0 | 0 0 0 0 |
- - q2' 0 q0 | - 0 0 0 | 0 0 0 0 |
6. 7 0 q0 | 0 0 0 0 |
1 0 0 0 | 0 0 0 0 |
0 0 0 0 | 3 0 0 0 | 0 0 0 0 |
5 0 0 0 | 0 0 0 0 |
2 - - 1' | - 0 0 0 | 0 0 0 0 |
- - q2' 0 q0 | - 0 0 0 | 0 0 0 0 |
6. 7 0 q0 | 0 0 0 0 |
1 0 0 0 | 0 0 0 0 |
0 0 0 0 | 3 0 0 0 | 0 0 0 0 |
5 0 0 0 | 0 0 0 0 |
2 - - 1' | - 0 0 0 | 0 0 0 0 |
- - q2' 0 q0 | - 0 0 0 | 0 0 0 0 |
6. 7 0 q0 | 0 0 0 0 |
1 0 0 0 | 0 0 0 0 |
0 0 0 0 | 3 0 0 0 | 0 0 0 0 |
5 0 0 0 | 0 0 0 0 |
2 - - 1' | - 0 0 0 | 0 0 0 0 |
- - q2' 0 q0 | - 0 0 0 | 0 0 0 0 |
6. 7 0 q0 | 0 0 0 0 |
1 0 0 0 | 0 0 0 0 |
0 0 0 0 | 3 0 0 0 | 0 0 0 0 |
5 0 0 0 | 0 0 0 0 |
2 - - 1' | - 0 0 0 | 0 0 0 0 |
- - q2' 0 q0 | - 0 0 0 | 0 0 0 0 |
6. 7 0 q0 | 0 0 0 0 |
1 0 0 0 | 0 0 0 0 |
0 0 0 0 | 3 0 0 0 | 0 0 0 0 |
5 0 0 0 | 0 0 0 0 |
2 - - 1' | - 0 0 0 | 0 0 0 0 |
- - q2' 0 q0 | - 0 0 0 | 0 0 0 0 |
6. 7 0 q0 | 0 0 0 0 |
1 0 0 0 | 0 0 0 0 |
0 0 0 0 | 3 0 0 0 | 0 0 0 0 |
5 0 0 0 | 0 0 0 0 |
2 - - 1' | - 0 0 0 | 0 0 0 0 |
- - q2' 0 q0 | - 0 0 0 | 0 0 0 0 |
6. 7 0 q0 | 0 0 0 0 |
1 0 0 0 | 0 0 0 0 |
0 0 0 0 | 3 0 0 0 | 0 0 0 0 |
5 0 0 0 | 0 0 0 0 |
2 - - 1' | - 0 0 0 | 0 0 0 0 |
- - q2' 0 q0 | - 0 0 0 | 0 0 0 0 |
6. 7 0 q0 | 0 0 0 0 |
1 0 0 0 | 0 0 0 0 |
0 0 0 0 | 3 0 0 0 | 0 0 0 0 |
5 0 0 0 | 0 0 0 0 |
2 - - 1' | - 0 0 0 | 0 0 0 0 |
- - q2' 0 q0 | - 0 0 0 | 0 0 0 0 |
6. 7 0 q0 | 0 0 0 0 |
1 0 0 0 | 0 0 0 0 |
0 0 0 0 | 3 0 0 0 | 0 0 0 0 |
5 0 0 0 | 0 0 0 0 |
2 - - 1' | - 0 0 0 | 0 0 0 0 |
- - q2' 0 q0 | - 0 0 0 | 0 0 0 0 |
6. 7 0 q0 | 0 0 0 0 |
1 0 0 0 | 0 0 0 0 |
0 0 0 0 | 3 0 0 0 | 0 0 0 0 |
5 0 0 0 | 0 0 0 0 |
2 - - 1' | - 0 0 0 | 0 0 0 0 |
- - q2' 0 q0 | - 0 0 0 | 0 0 0 0 |
6. 7 0 q0 | 0 0 0 0 |
1 0 0 0 | 0 0 0 0 |
0 0 0 0 | 3 0 0 0 | 0 0 0 0 |
5 0 0 0 | 0 0 0 0 |
2 - - 1' | - 0 0 0 | 0 0 0 0 |
- - q2' 0 q0 | - 0 0 0 | 0 0 0 0 |
6. 7 0 q0 | 0 0 0 0 |
1 0 0 0 | 0 0 0 0 |
0 0 0 0 | 3 0 0 0 | 0 0 0 0 |
5 0 0 0 | 0 0 0 0 |
%END
