title=妈妈的吻
type=work
alias=妈妈的吻简谱(歌词)_蓓蕾组合演唱_岭南印象曲谱
%TODO:revise
usertag=to_be_revised
%--
4 2 - 1 3 7 0 5 6
5 6 3 | 2 - |
1 4 7 | | | |
| 0. | | | |
2 5 - | 6 4 |
| '1 | |
5 6 | 2 3 | 4 1 7 | | - | | 0 | - | - - | - | - - - - - - - - - - - | - - | - - - - - - - - - - - - - - - - - - - - - - - - - -
6 5 - | 2 |
1. 0- 3 4 7 1 2 6
5 - |
6 5 | - 3 2 | 1 4 7 |
0 |
| 5
6 | - 3 2 | 1 4 7 |
0 |
| 5
6 | - 3 2 | 1 4 7 |
0 |
| 5
6 | - 3 2 | 1 4 7 |
0 |
| 5
6 | - 3 2 | 1 4 7 |
0 |
| 5
6 | - 3 2 | 1 4 7 |
0 |
| 5
6 | - 3 2 | 1 4 7 |
0 |
| 5
6 | - 3 2 | 1 4 7 |
0 |
| 5
6 | - 3 2 | 1 4 7 |
0 |
| 5
6 | - 3 2 | 1 4 7 |
0 |
| 5
6 | - 3 2 | 1 4 7 |
0 |
| 5
6 | - 3 2 | 1 4 7 |
0 |
| 5
6 | - 3 2 | 1 4 7 |
0 |
| 5
6 | - 3 2 | 1 4 7 |
0 |
| 5
6 | - 3 2 | 1 4 7 |
0 |
| 5
6 | - 3 2 | 1 4 7 |
0 |
| 5
6 | - 3 2 | 1 4 7 |
0 |
| 5
6 | - 3 2 | 1 4 7 |
0 |
| 5
6 | - 3 2 | 1 4 7 |
0 |
| 5
6 | - 3 2 | 1 4 7 |
0 |
| 5
6 | - 3 2 | 1 4 7 |
0 |
| 5
6 | - 3 2 | 1 4 7 |
0 |
| 5
6 | - 3 2 | 1 4 7 |
0 |
| 5
6 | - 3 2 | 1 4 7 |
0 |
| 5
6 | - 3 2 | 1 4 7 |
0 |
| 5
6 | - 3 2 | 1 4 7 |
0 |
| 5
6 | - 3 2 | 1 4 7 |
0 |
| 5
6 | - 3 2 | 1 4 7 |
0 |
| 5
6 | - 3 2 | 1 4 7 |
0 |
| 5
6 | - 3 2 | 1 4 7 |
0 |
| 5
6 | - 3 2 | 1 4 7 |
0 |
| 5
6 | - 3 2 | 1 4 7 |
0 |
| 5
6 | - 3 2 | 1 4 7 |
0 |
| 5
6 | - 3 2 | 1 4 7 |
0 |
| 5
6 | - 3 2 | 1 4 7 |
0 |
| 5
6 | - 3 2 | 1 4 7 |
0 |
| 5
6 | - 3 2 | 1 4 7 |
0 |
| 5
6 | - 3 2 | 1 4 7 |
0 |
| 5
6 | - 3 2 | 1 4 7 |
0 |
| 5
6 | - 3 2 | 1 4 7 |
0 |
| 5
6 | - 3 2 | 1 4 7 |
0 |
| 5
6 | - 3 2 | 1 4 7 |
0 |
| 5
6 | - 3 2 | 1 4 7 |
0 |
| 5
6 | - 3 2 | 1 4 7 |
0 |
1 2 3 4 5 6 0 -
1 2 3 4 5 6 0 -
| - 0 1 2 3 4 5 6 7 - | - - - - - - - - - - - - - - - - - - - - - - - - - - - - - - - - - - - - - - - - - - - - - - - - - - - -
%END
