title=Mr.Cool
type=work
%TODO:revise
usertag=to_be_revised
MBID=72a8f7ab-eaba-4d74-a47c-addffb499a8e
copyright=歌谱简谱网,版权归原作者及原网站
%--
4/4
0 0 0 0 | 0 0 0 0 | 0 0 0 0 |
q6 - 3 2 q0 | 3 4 3 0 | 3 0 0 0 | 0 0 0 0 |
3 1. 1 q0 | 1 3 4 3 | 3 0 0 0 | 0 0 0 0 |
3 q6 0 0 q0 | 0 0 0 0 | 0 0 0 0 |
5 6 - . | 3 2 2 3 | q3 0 0 0 q0 | 0 0 0 0 |
5 q7 q7 0 0 | 0 0 0 0 |
5 6 - 2 | 2 3 q3 0 q0 | 0 0 0 0 |
q6 - 3 2 q0 | 2 3 q4 0 q0 | 0 0 0 0 |
3 1. 1 q0 | 1 2 3 0 | 3 0 0 0 | 0 0 0 0 |
3 1 1 1 | 3 4 3 3 | 0 0 0 0 |
3 0 0 0 | 0 0 0 0 | 0 0 0 0 |
7 1 q7 0 q0
7 5 - 0 | 0 0 0 0 |
6 7 5 h5 q0 s0 d0 h0 | - 0 0 0 | 0 0 0 0 |
%END
