title=儿歌
type=work
alias=儿歌吉他谱_张悬C调原版弹唱谱_图片谱高清版
%TODO:revise
usertag=to_be_revised
MBID=b67c82be-8a36-4aca-b8b6-ac79636dd5f3
copyright=简谱之家
%--
4/4
0 q2 0 0 q0 | 0 0 0 0 |
q3 q5 q7 0 0 q0 | 7 0 0 0 | 0 0 0 0 |
7 0 0 0 | 0 0 0 0 | 0 0 0 0 | 0 0 0 0 |
0 0 0 0 | - 0 0 0 | - 0 0 0 | - 0 0 0 | 6 1' 2' 1 | 4 0 5 2 | 1' 7 6 3 | 1' 1' 1' 5 | 0 0 0 0 |
5 q4 7 0 q0
7 0 0 0
7 0 0 0
0 0 0 0 | - 0 0 0 | 6 3 1' 1' | 1' 5 0 0 | 0 0 0 0 |
0 q2 0 0 q0 | 0 0 0 0 |
q3 q5 q7 0 0 q0 | 0 0 0 0 | 0 0 0 0 |
7 0 0 0 | 0 0 0 0 |
0 0 0 0 | - - - 0 | - - - - | 7 0 0 0 |
7 0 0 0
6 4 q1. 2 s0 | q3. 0 0 0 s0
7 0 0 0
0 q5 0 0 q0 | 0 0 0 0 |
q3 - q5 - 0 | 0 0 0 0 | 0 0 0 0 |
7 0 0 0
7 0 0 0
6 4 q1. 2 s0 | q3. 0 0 0 s0
7 0 0 0
0 0 0 0 | - - - 0 | - - - - | 7 0 0 0 |
7 0 0 0
%END
