title=儿时二部合唱
type=work
%TODO:revise
usertag=to_be_revised
copyright=歌谱简谱网
%--
4/4
0 5 - 6 | 1' 2 2 1' | 1' - - - | 0 0 0 0 |
0 5 - 6 | 1' 7 6 5 | - - - 3 | 0 0 0 0 |
0 3 3 5 | 6 5 3 1 | 0 0 0 0 |
0 0 0 0 | 0 0 0 0 | 0 0 0 0 | 0 0 0 0 | 0 0 0 0 | 0 0 0 0 | 0 0 0 0 |
2 - - - | - 0 0 0 | 2 2 3 5 | 6 6 5 0 | 5 - - - | - - 0 0 | 0 0 0 0 | 0 0 0 0 |
0 0 0 0 | 0 0 0 0 |
0 - 7 6 | 1' 0 0 0 | - - - 3 | 0 0 0 0 | 3 3 5 6 | 5 3 1 0 | 0 0 0 0 | - - - - |
0 0 0 0 | 4 - - - | 0 0 0 0 | 0 0 0 0 |
5 - - - | - 0 0 0 | 0 0 0 0 |
1' 1' - 7 | 7 6 6 0 | - - - 0 | 0 0 0 0 | 0 0 0 0 | 0 0 0 0 | 0 0 0 0 |
1 2 3 2 | 1' 0 0 0 | - - - 0 |
5 - - - | - 0 0 0 | 0 0 0 0 |
%END
