title=八角树
type=work
%TODO:revise
usertag=to_be_revised
%--
2 4 1 - 3 - 5 0 6 7
6 2 3 5 | - | 4 1, 7 | - 0 | - | | 6 - | | 6 - |
6 3 5 | - | 2 |
1 | - |
4 |
0
7. | - |
2 3 - | | | | | | 6 7 | |
1 0 5 4 |
2 3 - | | | | | | 6 7 | |
1 0 5 4 |
2 3 - | | | | | | 6 7 | |
1 0 5 4 |
2 3 - | | | | | | 6 7 | |
1 0 5 4 |
2 3 - | | | | | | 6 7 | |
1 0 5 4 |
2 3 - | | | | | | 6 7 | |
1 0 5 4 |
2 3 - | | | | | | 6 7 | |
1 0 5 4 |
2 3 - | | | | | | 6 7 | |
1 0 5 4 |
2 3 - | | | | | | 6 7 | |
1 0 5 4 |
2 3 - | | | | | | 6 7 | |
1 0 5 4 |
2 3 - | | | | | | 6 7 | |
1 0 5 4 |
2 3 - | | | | | | 6 7 | |
1 0 5 4 |
2 3 - | | | | | | 6 7 | |
1 0 5 4 |
2 3 - | | | | | | 6 7 | |
1 0 5 4 |
2 3 - | | | | | | 6 7 | |
1 0 5 4 |
2 3 - | | | | | | 6 7 | |
1 0 5 4 |
2 3 - | | | | | | 6 7 | |
1 0 5 4 |
2 3 - | | | | | | 6 7 | |
1 0 5 4 |
2 3 - | | | | | | 6 7 | |
1 0 5 4 |
2 3 - | | | | | | 6 7 | |
1 0 5 4 |
2 3 - | | | | | | 6 7 | |
1 0 5 4 |
2 3 - | | | | | | 6 7 | |
1 0 5 4 |
2 3 - | | | | | | 6 7 | |
1 0 5 4 |
2 3 - | | | | | | 6 7 | |
1 0 5 4 |
2 3 - | | | | | | 6 7 | |
1 0 5 4 |
2 3 - | | | | | | 6 7 | |
1 0 5 4 |
2 3 - | | | | | | 6 7 | |
1 0 5 4 |
2 3 - | | | | | | 6 7 | |
1 0 5 4 |
2 3 - | | | | | | 6 7 | |
1 0 5 4 |
2 3 - | | | | | | 6 7 | |
1 0 5 4 |
2 3 - | | | | | | 6 7 | |
1 0 5 4 |
2 3 - | | | | | | 6 7 | |
1 0 5 4 |
2 3 - | | | | | | 6 7 | |
1 0 5 4 |
2 3 - | | | | | | 6 7 | |
1 0 5 4 |
2 3 - | | | | | | 6 7 | |
1 0 5 4 |
2 3 - | | | | | | 6 7 | |
1 0 5 4 |
2 3 - | | | | | | 6 7 | |
1 0 5 4 |
2 3 - | | | | | | 6 7 | |
1 0 5 4 |
2 3 - | | | | | | 6 7 | |
1 0 5 4 |
2 3 - | | | | | | 6 7 | |
1 0 5 4 |
2 3 - | | | | | | 6 7 | |
1 0 5 4 |
2 3 - | | | | | | 6 7 | |
1 0 5 4 |
2 3 - | | | | | | 6 7 | |
1 0 5 4 |
2 3 - | | | | | | 6 7 | |
1 0 5 4 |
2 3 - | | | | | | 6 7 | |
1 0 5 4 |
2 3 - | | | | |
3 2 - | 5 6 |
4 1 7 |
0 | | | |
2 - 5 | 6 |
3 |
4 -
1 7.
0 | - | - | |
6 5 | 2 - | | |
3 4 | - | | |
1 7 | | |
0. | -
| 4 | - 2 3 |
1 | | | |
5 | - 6 - 7 |
0
2 4
1 2 3 4 5 6 0 -
%END
